time,x,y,z,phi,theta,psi,x_velocity,y_velocity,z_velocity,phi_velocity,theta_velocity,psi_velocity,rotor_speed1,rotor_speed2,rotor_speed3,rotor_speed4
0.06,-8.718575778896623e-08,3.688147077150625e-07,10.005248363816703,0.00030777352540045655,9.015884787189066e-05,0.0,-8.183437945050197e-06,3.149523664981973e-05,0.17493408619281542,0.013801761984209487,0.004350458885096269,0.0,460.69444337263417,461.0382090912529,458.70883982759,459.8032810224009
0.12000000000000001,-4.073928853298856e-06,1.327533654925917e-05,10.021704314930613,0.0006877720516067498,0.0005509550085944781,0.0,-0.0001676250065007732,0.0004777830351964751,0.3735530466439096,-0.01601130612339552,0.01362262986302281,0.0,467.79511964869744,468.5163444701594,467.39829733372704,465.06937908946526
0.18,-2.8336641717107537e-05,5.2294223560007235e-05,10.046807607564949,6.282548779545007,0.0011991238645467917,0.0,-0.000715436038558457,0.0007122174472838595,0.4631907053468973,-0.03834854048723811,0.004464236749953126,0.0,434.3394269505138,433.570668607397,434.50698907719647,432.63049095697596
0.23999999999999996,-0.00010115906960950624,6.946693320943513e-05,10.080898702339525,6.280007968833949,0.0010975483019146637,0.0,-0.0017268164723164149,-0.0004242226060202239,0.6730783280212536,-0.05186285075681555,-0.01834277715985649,0.0,471.56950739123835,469.80476916070893,471.2994867546582,470.2530522775074
0.3,-0.00022300057060264903,-3.267369026634747e-05,10.124104988686435,6.277085878328389,6.28288317882291,0.0,-0.0022106912645898915,-0.003284646681506137,0.7670711835525046,-0.04303088662483986,-0.035851431468506896,0.0,436.03561452009734,434.5705572714877,435.2757970092538,436.0126451327448
0.36000000000000004,-0.0003394105882272325,-0.00038667521352423335,10.176332701442849,6.274531428784206,6.281099927004096,0.0,-0.0014406103091200524,-0.008816873235647154,0.9736969967269499,-0.04167625250823725,-0.019649217055528335,0.0,470.76590905802556,472.01749621843675,468.83960485949933,468.943938441747
0.4200000000000001,-0.00037301910724858684,-0.0011243209988724204,10.239998311529623,6.272186763631806,6.2798210163359816,0.0,0.0004586343965269062,-0.01604322895950995,1.1483277677163113,-0.03433154061006143,-0.02487427514028877,0.0,460.5365847794089,460.1231800062661,461.274282897248,461.85314662546165
0.48000000000000015,-0.00025641924526549083,-0.0023650400283979074,10.315680459487758,6.270143012980872,6.27816774650589,0.0,0.003616113909351116,-0.02555878058356499,1.374162987026852,-0.0335299169705346,-0.0335398394329344,0.0,476.58809990871595,475.92523847458057,476.6710877553824,476.7319459575786
0.5400000000000001,5.122475969283713e-05,-0.004123915346607167,10.397282328286307,6.268344929174754,6.276036586317268,0.0,0.0068106171388295144,-0.03322833208898701,1.3459298808142452,-0.02365773475846948,-0.03980439897593738,0.0,395.8082474546813,395.230606293593,396.2292159437846,397.1352595040651
0.6000000000000002,0.0006571335048816895,-0.006509374639750093,10.486354730318904,6.267322640723776,6.273543305190813,0.0,0.01369620531360415,-0.046434952124079894,1.622794283469699,-0.006308070823803423,-0.04530654285674292,0.0,492.7388379775669,492.331209356041,490.01787851379305,491.30586463774847
0.6600000000000003,0.0016938445250259595,-0.009633156904068156,10.587259013418052,6.267004507139854,6.270952164970177,0.0,0.02113652164382036,-0.05772477757171821,1.7405060272899096,-0.003362740356066091,-0.039250718743142426,0.0,444.57139408673135,445.0662300673618,445.2654368304915,445.5064001167893
0.7200000000000003,0.003216596764770149,-0.013422634125151224,10.69412226560205,6.266628911695722,6.2686226315677125,0.0,0.029852604106895445,-0.06861704540680048,1.8214727661416579,-0.012796061416377062,-0.037988719562844143,0.0,433.8126576807758,433.91782034536453,434.2421973213624,433.4503050547628
0.7800000000000004,0.005261848284110101,-0.0178228540142617,10.802707883682086,6.265895804839845,6.266387753849296,0.0,0.03851198985375005,-0.07812047571332927,1.7980805756960423,-0.011087570604563597,-0.035806489647382,0.0,398.6798805154906,398.8783810457692,399.7292143159574,399.8849709974594
0.8400000000000004,0.008001563148111282,-0.022943641169379747,10.91787819651353,6.265819758984534,6.264252184525155,0.0,0.05306853595661157,-0.09260505304798494,2.0405233443348014,0.013383504009375765,-0.035168967266694294,0.0,483.17937295428675,483.22698392829886,482.0330629161397,483.8786805228257
0.9000000000000005,0.011577814619895963,-0.028849513536713018,11.042941745433458,6.266530158131221,6.262189822401318,0.0,0.06634563360620588,-0.10417884325527788,2.128098950181538,0.008559029398835629,-0.03282624418511385,0.0,436.4722497701314,436.66719720428165,437.7959464254424,437.39424344946354
0.9600000000000005,0.016007780167019325,-0.03544880509029023,11.1739980961828,6.266824477667765,6.260276559247368,0.0,0.08151667236042932,-0.11575102130954903,2.2402283352875885,-0.0036433209181932847,-0.03007413849276116,0.0,445.6048917606494,445.829432744947,445.1557283381109,444.156071626508
1.0200000000000005,0.021394757969113217,-0.04274427669669539,11.312097218163085,6.2665247699200926,6.258682142597941,0.0,0.09822158222929486,-0.12745468681453795,2.3628243992788436,-0.007846074110234911,-0.020359889911616462,0.0,448.1087902349051,448.89757335037496,449.49949285001094,449.1588813706294
1.0800000000000005,0.02780696781513221,-0.05074366948069126,11.457210238901052,6.266019019284055,6.257909635798969,0.0,0.11561283043503813,-0.1392386421188057,2.474037298380587,-0.009621677543128303,-0.0010221843218846316,0.0,445.464475980698,447.0430074888519,445.6351986172813,445.49015857605735
1.1400000000000006,0.03533967530696137,-0.05950545626132536,11.611553857354304,6.265163482203935,6.257666451642637,0.0,0.13548271149147895,-0.15289440454206546,2.670308935817406,-0.02568276360999197,-0.010933909252537493,0.0,471.66974178423357,470.90374094213973,473.7898592627949,472.5535467708116
1.2000000000000006,0.0440648978022437,-0.0691056340236543,11.777381155498128,6.2635247140039,6.257293972294342,0.0,0.1554035868775103,-0.16728574191291595,2.8568133199532912,-0.03078972278818569,0.001876594594795872,0.0,469.831627888389,470.8238772452342,470.3727824239478,469.976989444518
1.2600000000000007,0.05403021640970465,-0.07963931384806301,11.95592333426512,6.261575754036684,6.256923080572776,0.0,0.1767615896017873,-0.18405665996153445,3.0939740086478547,-0.036103147148761824,-0.031684109755748834,0.0,486.55515771344164,484.03613592992684,486.8008169856409,486.4027590161256
1.3200000000000007,0.06520794837774252,-0.09115691184641858,12.145421594229175,6.2589881353337145,6.254472122727158,0.0,0.19603456758665042,-0.20010129170719623,3.222266704275454,-0.06336031495587616,-0.07431730790091348,0.0,456.42031320410433,453.00361274452655,456.23935742535707,454.0566728192539
1.3800000000000008,0.07758726297315353,-0.10368402976192895,12.342001104743497,6.255329557006096,6.249576039853775,0.0,0.2170753029316858,-0.21784550309724543,3.3300457281706533,-0.05659206530761907,-0.10302455582178355,0.0,450.2656030013544,447.9313383089072,449.40260659247673,449.9482741671542
1.4400000000000008,0.09139547695012681,-0.11739832367191712,12.546717655812031,6.252108656231359,6.244035695677489,0.0,0.24382763422462703,-0.23965084892983818,3.4933132528958484,-0.04841957964917692,-0.07673892597441534,0.0,466.28895292702913,468.3308529887511,466.4016947927509,467.0377860065047
1.5000000000000009,0.10698708186832348,-0.1325381617195049,12.762692511000692,6.248830424397367,6.23938225556784,0.0,0.27641399445071974,-0.26534989181324853,3.7051428666568467,-0.07150888462354567,-0.07924552189495958,0.0,482.84968733421766,482.65628426183304,482.86748840896036,481.12055068801584
1.560000000000001,0.12474977990621723,-0.14938549166702428,12.993687921670968,6.245043256903713,6.234147143881582,0.0,0.31626876182889596,-0.2967120752568145,3.9936809080628466,-0.050149265674027374,-0.11242047720235454,0.0,506.2669160083168,503.86834250140066,505.1371425648691,506.67263374850126
1.620000000000001,0.14478710103936937,-0.16800570883773647,13.2367400884098,6.241841992037463,6.22775644805143,0.0,0.3523023483954907,-0.3242669104062143,4.107593047597035,-0.060687466418679115,-0.09674936302254519,0.0,456.45937310516797,457.6986066617109,456.7915132432316,455.94848283463267
1.680000000000001,0.16714154417011384,-0.18836673183262487,13.487039731125515,6.238138433335806,6.222262571864881,0.0,0.3934158330396052,-0.35480201252150656,4.235195241962943,-0.06388736025663158,-0.08281895541654188,0.0,461.63143712307505,462.7226510832673,461.67995354534344,461.4248101528349
1.740000000000001,0.19204997095686646,-0.21061800055327112,13.74453350235177,6.235211751621126,6.216964377225899,0.0,0.4373668298993425,-0.38722619297893773,4.347440489867069,-0.02881727380560368,-0.10248584947850109,0.0,459.71566069875223,458.1480890509542,456.23684929307194,459.0268369840309
1.8000000000000012,0.21985872575841217,-0.23497476389178895,14.010931744249312,6.233308125816787,6.210569760772636,0.0,0.49025752740024797,-0.42483626083547027,4.531703443971471,-0.038293965365220575,-0.11635389731792019,0.0,480.9962853678827,479.9356447310961,481.49927171778944,480.7814464711811
1.8600000000000012,0.2506117176275634,-0.2613757193372996,14.283235164319468,6.231097517673149,6.203868498492575,0.0,0.5354450834488572,-0.45539173141674266,4.54494279523691,-0.03409039190183748,-0.10369779413872672,0.0,429.18615100274224,430.2474859687014,429.54469043873365,429.9003821438948
1.9200000000000013,0.2840796519346164,-0.2895743026996621,14.554898313526147,6.228980666606235,6.197701803386121,0.0,0.580669582951778,-0.4847373625937588,4.51055456718855,-0.037774309747806836,-0.10100124954992881,0.0,413.22240875662976,413.45003326699236,415.1315245676655,414.8074614778589
1.9800000000000013,0.32044458268654963,-0.3196199961961704,14.825426057304067,6.227348921289941,6.191419311631563,0.0,0.6320260078490578,-0.5169485893901223,4.5069637245479965,-0.011704987988060056,-0.11339516818494974,0.0,424.880803369712,423.80650024116244,423.2567254834721,425.494349200257
2.0400000000000014,0.35997712396295145,-0.35160701505219283,15.095447420280406,6.226352869497914,6.184203714367051,0.0,0.6863185204939022,-0.549356756721918,4.4937064603540176,-0.028838058451338595,-0.13976800829198674,0.0,421.54449388522795,419.24451562884025,422.9650456686417,421.4867657425312
2.1000000000000014,0.4033454608518274,-0.3858120695636728,15.369105403687655,6.225408546095119,6.175312049964452,0.0,0.7601456580764532,-0.5909108251982227,4.627542627934347,0.0023518116706089526,-0.17589066222685973,0.0,470.2809433044756,467.45376306330576,465.963077179626,468.3952499986888
2.1600000000000015,0.45116157450201283,-0.4224280283310604,15.649109388079703,6.225441560250783,6.164835806028737,0.0,0.8347214463067811,-0.6295886491345611,4.705435329212931,-0.003321457356766564,-0.17215105926214966,0.0,452.1469294690401,452.4193822507684,452.58711031989634,452.1301998316321
2.2200000000000015,0.5036501348557473,-0.4613591271199938,15.933672609664004,6.225617934174053,6.154248311099781,0.0,0.9158763409333442,-0.668089941391834,4.779509778713489,0.013190347039951485,-0.18686133785366368,0.0,452.39351895481406,451.1776238230193,451.8837148296656,453.2129236093298
2.2800000000000016,0.5608036994458775,-0.502410777306484,16.21948691762108,6.226742909729447,6.142773643447605,0.0,0.9901850468869674,-0.700221119821937,4.747585741886702,0.028031803482074836,-0.20187219276373602,0.0,418.7527678928392,417.406259969531,418.95474303747693,420.24334964263403
2.3400000000000016,0.6229058000004133,-0.5454842812308582,16.50541776110564,6.22792266373421,6.130488447726066,0.0,1.080978086143113,-0.7354056638597812,4.783061241119929,-0.007735598718925811,-0.21123510056375264,0.0,441.7640980430185,440.94964007867975,442.4796657674138,439.5248945615584
2.4000000000000017,0.6902072893205565,-0.590484071317599,16.790378132673837,6.227092670019413,6.1177331882780415,0.0,1.1634160253005899,-0.7646423487488112,4.715660985018171,-0.030253088977888275,-0.21543467711934694,0.0,407.62270683671426,407.19806318500486,408.9476796577421,406.9367111969016
2.4600000000000017,0.7631583142590328,-0.6374218608559852,17.074238726819644,6.225775858700057,6.105784668432282,0.0,1.2693709088971177,-0.8000720578446161,4.745926066480891,-0.00907395838439224,-0.1781709120686135,0.0,439.58769570420054,442.62449536302336,438.77310345425946,440.5280273087788
2.520000000000002,0.8425507430068713,-0.686463939850693,17.359160299129915,6.225123507675743,6.0953256554438795,0.0,1.3779412796522914,-0.8347056506097914,4.751154619289598,-0.014736849280784859,-0.16755784272139887,0.0,432.68934338101036,433.55183818514314,433.3771012828567,432.90090494550793
2.580000000000002,0.929216854927524,-0.7377705263138459,17.647359252379193,6.224575855290716,6.084907626841979,0.0,1.511852875374463,-0.8755470681986058,4.854694066600249,0.00022556269663702704,-0.18993772170346265,0.0,466.0657638014296,464.2850009104805,464.36262256606506,465.535123154699
2.640000000000002,1.0241133501439013,-0.7915277033332629,17.941609797324254,6.224910681615938,6.073569346473015,0.0,1.6523900987713653,-0.9163000670574765,4.952840314036249,0.014574839843292333,-0.1871082872980459,0.0,466.09283182072573,466.28104018230977,463.38106946356146,464.50778579725505
2.700000000000002,1.1270744277422298,-0.8475575805511216,18.238921259780035,6.2254702177669685,6.062102885676971,0.0,1.780589467186346,-0.9512841851132768,4.957155678322876,-0.00407002173860555,-0.2006113518754991,0.0,437.7668108775574,436.60509242519686,437.5065442202524,435.9510682432872
2.760000000000002,1.2377356218213766,-0.9056289709346246,18.535587495206574,6.225971103312945,6.049772866055331,0.0,1.9091019689893172,-0.9844049444760595,4.931431599453411,0.025766475828579265,-0.21768864808579494,0.0,428.9784313037727,427.48190474110334,426.23602648286794,428.7787167083781
2.820000000000002,1.357138015988098,-0.965868709257917,18.834082068241084,6.227436328381071,6.037098645572058,0.0,2.0720989123677307,-1.0233962697070946,5.017490862735247,0.021582776825541276,-0.20074609579630776,0.0,463.9413983695243,465.22780278475705,464.96956031220464,464.6416895331149
2.880000000000002,1.4863351978701063,-1.0283665989444712,19.136757473472702,6.228994365731278,6.024857384042129,0.0,2.235484185828698,-1.0597000522694695,5.070934315148923,0.03354316736179257,-0.2115270415525345,0.0,456.59509382096746,455.69418457221866,456.0445243392138,456.999130545485
2.940000000000002,1.6249152193739997,-1.0928779197465508,19.440134153942545,6.230987296749095,6.011970054373158,0.0,2.384855486526099,-1.09050499816107,5.041254841578146,0.03255216708434064,-0.22225914133201663,0.0,430.7989302196201,429.8429212341978,431.3133925506046,431.23014181622545
3.000000000000002,1.7722165680248037,-1.1591205133008504,19.740063220530722,6.232861272752579,5.999129702948618,0.0,2.5261734763194403,-1.1174461917726488,4.956267595186809,0.028455098965870174,-0.20121533840588393,0.0,411.8449200283232,413.65281240240057,412.55765262824457,412.1960898422987
3.0600000000000023,1.9285800343126076,-1.2270197217303698,20.036197370195914,6.234807672680098,5.987326304956095,0.0,2.6868446318942283,-1.1457082127493257,4.914522557744149,0.03940855595021111,-0.18899689601643374,0.0,427.5245363363596,428.52493861382254,427.2886600355088,428.2220417832825
3.1200000000000023,2.0954266480551214,-1.2966841526426667,20.331920572152637,6.2372378147569165,5.976049392836909,0.0,2.875558842840066,-1.176200478291298,4.942187134359435,0.04260431787612571,-0.18593326185665776,0.0,451.31198516219655,451.52550731959474,452.14220501688123,452.40045914067315
3.1800000000000024,2.2742094281929717,-1.368191827632723,20.630544263337914,6.239996845839791,5.9650195653834075,0.0,3.0846765737479442,-1.207100052768974,5.010948829565502,0.052004594079816786,-0.17993123131011068,0.0,466.36504556247536,466.80268590234556,466.2973271392215,467.032332827797
3.2400000000000024,2.465915097993264,-1.4415197420340826,20.933747018059364,6.242861525590186,5.953704984752196,0.0,3.3062767850556005,-1.2368331843709222,5.0946960764684315,0.03746666093816232,-0.21773536583261663,0.0,474.4880217308027,471.54244908136945,474.41178768450675,473.2952139042837
3.3000000000000025,2.670177784553492,-1.5164653033189797,21.239108317527172,6.245492900898039,5.940400654322577,0.0,3.5034202292673458,-1.2611288690107432,5.083304249324043,0.05427723167676439,-0.23125104816813014,0.0,445.276517618551,444.1202483924624,445.04085144090493,446.4159996757959
3.3600000000000025,2.886376507950472,-1.5928091388153993,21.543401588231376,6.248413061796729,5.9270214510317025,0.0,3.704154337806029,-1.2833958670764274,5.059112592659839,0.03404778399119003,-0.21018353482649796,0.0,442.09228010944844,443.7751407077182,443.01862456604005,441.3532058668501
3.4200000000000026,3.1142108489019007,-1.6703872181750203,21.84452574518493,6.249988656672244,5.914247822627605,0.0,3.891176082704949,-1.3023990813950903,4.977990350094062,0.0022730927149465265,-0.21894320945318116,0.0,425.1496872452873,424.3511698155151,425.52484057572997,422.79557959464995
3.4800000000000026,3.3544116591873077,-1.7491695776143152,22.14319714929374,6.250172894135906,5.900808055191579,0.0,4.116376184733397,-1.323644598326734,4.976785709072158,0.004619897658132463,-0.23670972101319435,0.0,453.6239473147091,452.1454802078359,452.73294086509446,452.9217025951131
3.5400000000000027,3.6080525394272365,-1.8291984056052248,22.44098582344613,6.2501543054395405,5.886147001460303,0.0,4.339239997247139,-1.3439516069168407,4.948628467309772,-0.012657604259728346,-0.26748011051455073,0.0,446.6790167750731,444.10084542923846,447.2494346776521,445.839735621826
3.6000000000000028,3.8746801268837143,-1.9103991254508712,22.735528989364322,6.248860309045575,5.870055717356372,0.0,4.549367962260094,-1.3627915169573783,4.868789500217887,-0.05282801821355321,-0.2696395283390278,0.0,430.47858990022195,430.2206011816573,431.6503571803747,428.2458661939087
3.660000000000003,4.156013243006303,-1.992902154630585,23.02941990130482,6.24632144993099,5.853814559185093,0.0,4.829382139176404,-1.3875219504326382,4.925882815130529,-0.026895959430304456,-0.2728603200510267,0.0,477.5229320428928,477.20864625623966,477.94306573405123,479.91482317447236
3.720000000000003,4.4508342095042455,-2.0766395625443415,23.318795771528332,6.244439505668531,5.837526043648246,0.0,4.998974686848424,-1.4038313827438806,4.720000776520689,-0.042273919581450145,-0.2688457053335274,0.0,388.4713396906735,388.76168092697003,388.4483643638983,387.00261122935774
3.780000000000003,4.758781368867256,-2.1616040039810396,23.601534881776324,6.242595359713636,5.8217003861446734,0.0,5.266796775017495,-1.4284521162638597,4.703313827386539,-0.014221152842170326,-0.25517052770684584,0.0,457.93341634506527,458.95220074361885,456.47007971786996,458.70331759944776
3.840000000000003,5.081784494191252,-2.247967626441354,23.88065222088331,6.241227979344885,5.806131050901222,0.0,5.500795046679767,-1.450386658102434,4.599843299805251,-0.051510584608229174,-0.269915595696192,0.0,430.76746302493507,429.4477812493147,432.2309168506818,429.07567644862246
3.900000000000003,5.42020632279916,-2.335767261044425,24.155727852016526,6.2384653995053405,5.790315144811871,0.0,5.780690434829329,-1.4764558626870736,4.567965255948967,-0.03689184668645355,-0.2532920659406519,0.0,457.4653943470577,458.71941885083737,457.1113655995325,458.27387913605577
3.960000000000003,5.775504902175612,-2.4251590825508065,24.428506483460655,6.236443428821893,5.776460605892993,0.0,6.063170908153579,-1.5033944806599473,4.523395252677325,-0.027978185213256786,-0.2053562227400615,0.0,454.3387775921633,458.1123544588205,456.65711343302524,457.3673283614297
4.020000000000002,6.1464203029057085,-2.5160689985602316,24.69580618263892,6.234431407204681,5.7643267819593405,0.0,6.301175468615961,-1.527043925847166,4.386069706422843,-0.04797360684681348,-0.19662415132672267,0.0,424.9037370345017,425.60970669274957,426.8497257376503,425.13882877697597
4.080000000000001,6.532466994046166,-2.6084900295561,24.956075011500463,6.231387398926401,5.752972771052562,0.0,6.567382748171234,-1.5538412724305792,4.288732192254401,-0.05691768185869735,-0.17751552256456601,0.0,440.94423488648994,442.48499768255766,442.4972140275729,441.7584382424848
4.14,6.934416618288002,-2.7025468850476493,25.21012138251616,6.228452152902886,5.742136018277879,0.0,6.8311922285598285,-1.5815825788620703,4.17875166613408,-0.03642974183446897,-0.18765265850265725,0.0,440.16144523207856,439.2894174166207,437.88325147002473,439.58314509743593
4.199999999999998,7.355729245747122,-2.7986194644428726,25.463179297275044,6.225761266374537,5.730722785796289,0.0,7.2124013318316775,-1.620959051527896,4.254331022765838,-0.07254794922572408,-0.19591662098792814,0.0,505.1030714027447,504.476046047432,507.8600528554135,505.2609762235676
4.259999999999997,7.795180621438199,-2.896651933038982,25.71275284124161,6.22102331860571,5.71871236322222,0.0,7.436381047834141,-1.647048291771378,4.064480880794551,-0.09662041404020896,-0.21042570207563097,0.0,416.49245832086814,415.17850810547395,415.9911786596736,413.8713603616779
4.319999999999996,8.251206651890827,-2.9966106346013905,25.955655600401787,6.215185604310612,5.705953586160446,0.0,7.764516658269942,-1.6852916596720326,4.030630755674576,-0.0986791499345416,-0.2174954746367585,0.0,475.24759120346766,474.6637558770909,474.9909525009722,474.82556390692304
4.379999999999995,8.728579971667985,-3.099114920399885,26.198714002874173,6.20970901469239,5.693032338331225,0.0,8.147703364858073,-1.731893530443379,4.068963444699792,-0.07953465150242844,-0.21138954122562573,0.0,503.5394370622559,503.9412319044784,503.010764100137,504.3895252381478
4.439999999999993,9.223739857333907,-3.203914474243834,26.435967794602746,6.2052985515660986,5.68050203850478,0.0,8.358036606531302,-1.7616728091775224,3.8393268844736457,-0.06358095770511742,-0.20417785578952266,0.0,408.7534062908069,409.34873393022485,409.2494391442023,410.6627228567043
4.499999999999992,9.731389561072742,-3.3105239283126453,26.659108619280232,6.201838750845628,5.668435511867198,0.0,8.563997974350551,-1.7921780764556554,3.5986246271822475,-0.04788553465529199,-0.19559436999104723,0.0,404.2147982812498,404.94382359458274,405.31826094512553,406.72420402785144
4.559999999999991,10.25345298832236,-3.4192297804240255,26.87058092422809,6.199814810673303,5.656546154538335,0.0,8.83813700919436,-1.83146194911564,3.4496175431223093,-0.014641093941179085,-0.2038359426850201,0.0,443.0983923530259,442.3814253496986,441.9023209045945,444.63448507125196
4.6199999999999894,10.792383712944176,-3.530354590507587,27.073512035487866,6.198648392920369,5.644190669684818,0.0,9.12616556387554,-1.8727115247578978,3.3137414110594037,-0.03136981983915853,-0.2104603430483328,0.0,451.68334430479933,451.10758329986425,450.0350788405934,448.6785249414631
4.679999999999988,11.348350743089622,-3.643934997218531,27.26777296876363,6.196634113113415,5.631583515729968,0.0,9.406019387771488,-1.913376974395507,3.160667727278064,-0.03838328700442836,-0.2094467766596618,0.0,446.72797219758695,446.7674133777335,446.2144687781423,445.6408989116846
4.739999999999987,11.920264455849741,-3.759877836868606,27.45157715395418,6.194777744034532,5.6194863533031185,0.0,9.657795167944057,-1.9514834018464038,2.965529177297732,-0.01914017870165681,-0.18935244211996427,0.0,431.0355042878013,432.6894020170282,430.98456613329165,432.60811205841236
4.799999999999986,12.508866641549103,-3.878301471513512,27.62556815147919,6.194357337033672,5.60915438430257,0.0,9.961905276191787,-1.9959638851515134,2.833129657275155,0.010123746946903862,-0.1505067579348882,0.0,458.8507974707508,461.89659211461407,455.86571373144324,458.19901132070225
4.859999999999984,13.11368959452246,-3.999171971257301,27.789010732226565,6.195134999783669,5.599882394932479,0.0,10.198746699450062,-2.0330407905153582,2.6147930538478747,0.018104720844748776,-0.1641181383326369,0.0,425.9707074432032,424.7807216882663,426.2632041880301,426.94484507729436
4.919999999999983,13.73561476589544,-4.122575507260657,27.942868891725574,6.196376421450294,5.58960671039614,0.0,10.531420842604852,-2.08025744649873,2.5125460280082685,0.025415794192366333,-0.19199875103550987,0.0,474.1627578249369,471.9882390838615,474.1806593015398,474.7421157471337
4.979999999999982,14.373642409295728,-4.248392771437948,28.085880082890995,6.197843469437082,5.577785005974203,0.0,10.736257740579699,-2.11361853891503,2.254451593320728,0.022447651445219485,-0.20967033704533067,0.0,413.46547977736356,411.86326158535576,412.5316894948833,412.26953581724456
5.0399999999999805,15.024684313177175,-4.376275249020401,28.214212145487963,6.19912179531585,5.564856362398974,0.0,10.965088634053325,-2.1490711287912654,2.0228769679777097,0.018917368684177024,-0.2307785293356606,0.0,425.9438218675327,424.0851389544863,424.43774185665967,424.13454630267915
